# Stop, mean win (ezr1 ezr0 ezr), marks (! = best or tied, ezr.same), secs (ezr1 ezr0 ezr), file; 20 repeats
20 76.1 81.0 77.2 !!! 0.38 0.93 2.49 WA_Fn-UseC_-HR-Employee-Attrition.csv
50 82.8 85.1 87.0 !!! 0.45 0.94 6.97 WA_Fn-UseC_-HR-Employee-Attrition.csv
100 91.5 87.7 89.9 !.. 0.67 1.01 13.46 WA_Fn-UseC_-HR-Employee-Attrition.csv
20 77.6 92.0 78.2 .!. 6.18 21.27 4.39 all_players.csv
50 83.8 93.2 86.7 .!. 6.76 21.46 13.53 all_players.csv
100 90.4 93.4 88.1 .!. 6.55 19.97 23.87 all_players.csv
20 84.6 81.3 86.7 !!! 0.08 0.07 0.76 player_statistics_cleaned_final.csv
50 89.8 88.3 89.6 !.! 0.15 0.07 1.54 player_statistics_cleaned_final.csv
100 89.8 88.3 89.6 !.! 0.10 0.07 1.63 player_statistics_cleaned_final.csv
20 76.4 76.4 88.2 !!! 0.26 0.31 1.69 student_dropout.csv
50 100.0 100.0 94.1 !!! 0.22 0.33 5.58 student_dropout.csv
100 100.0 100.0 100.0 !!! 0.41 0.40 9.48 student_dropout.csv
20 55.6 58.4 39.4 !!. 28.97 55.64 16.82 FFM-1000-200-0.50-SAT-1.csv
50 67.3 66.0 58.4 !!. 27.77 56.67 57.38 FFM-1000-200-0.50-SAT-1.csv
100 67.7 70.1 71.5 !!! 28.12 63.03 109.22 FFM-1000-200-0.50-SAT-1.csv
20 61.6 57.0 56.3 !!! 5.17 8.17 2.49 FFM-125-25-0.50-SAT-1.csv
50 79.1 74.0 73.7 !!! 4.87 8.00 8.31 FFM-125-25-0.50-SAT-1.csv
100 87.2 80.8 75.3 !.. 5.33 7.95 13.41 FFM-125-25-0.50-SAT-1.csv
20 59.4 64.9 35.2 !!. 8.32 15.05 4.96 FFM-250-50-0.50-SAT-1.csv
50 77.3 71.0 57.3 !!. 8.13 14.47 14.02 FFM-250-50-0.50-SAT-1.csv
100 79.7 81.8 63.4 !!. 8.10 14.56 25.18 FFM-250-50-0.50-SAT-1.csv
20 66.5 70.1 47.4 !!. 12.98 26.90 9.04 FFM-500-100-0.50-SAT-1.csv
50 80.9 73.6 73.3 !.. 13.81 26.41 27.42 FFM-500-100-0.50-SAT-1.csv
100 83.9 81.3 74.4 !!. 14.00 29.12 48.66 FFM-500-100-0.50-SAT-1.csv
20 59.8 65.7 44.9 !!. 13.92 27.59 9.03 FM-500-100-0.25-SAT-1.csv
50 75.6 67.5 60.6 !.. 15.23 28.55 30.10 FM-500-100-0.25-SAT-1.csv
100 82.3 71.3 61.3 !.. 15.62 29.67 55.21 FM-500-100-0.25-SAT-1.csv
20 63.2 61.4 43.0 !!. 14.06 29.12 8.67 FM-500-100-0.50-SAT-1.csv
50 80.9 80.9 61.4 !!. 14.35 30.20 30.36 FM-500-100-0.50-SAT-1.csv
100 83.6 81.4 77.4 !!! 15.74 30.89 54.84 FM-500-100-0.50-SAT-1.csv
20 66.9 69.4 36.2 !!. 14.45 31.70 10.39 FM-500-100-0.75-SAT-1.csv
50 80.2 84.6 58.8 !!. 15.72 32.88 31.00 FM-500-100-0.75-SAT-1.csv
100 84.3 85.7 69.1 !!. 16.91 30.56 51.92 FM-500-100-0.75-SAT-1.csv
20 69.4 69.0 62.0 !!. 15.08 31.27 10.32 FM-500-100-1.00-SAT-1.csv
50 81.3 81.6 65.1 !!. 14.67 31.69 29.17 FM-500-100-1.00-SAT-1.csv
100 90.2 85.6 73.2 !.. 16.04 28.07 48.40 FM-500-100-1.00-SAT-1.csv
20 59.3 60.0 44.7 !!. 52.22 70.94 5.05 Scrum100k.csv
50 72.7 73.0 43.6 !!. 49.33 70.81 10.76 Scrum100k.csv
100 71.8 77.8 49.5 .!. 47.69 71.28 16.76 Scrum100k.csv
20 57.6 65.1 41.7 !!. 4.83 6.82 2.73 Scrum10k.csv
50 74.0 73.5 68.9 !!. 5.38 7.19 7.09 Scrum10k.csv
100 78.9 80.9 63.6 !!. 4.85 7.56 11.50 Scrum10k.csv
20 66.1 71.0 45.5 !!. 0.56 0.68 2.04 Scrum1k.csv
50 86.7 79.5 75.4 !.. 0.66 0.68 6.35 Scrum1k.csv
100 86.7 83.1 81.6 !!. 0.71 0.84 11.44 Scrum1k.csv
20 63.6 66.6 46.1 !!. 3.83 5.12 1.65 billing10k.csv
50 75.0 77.2 61.1 !!. 4.07 5.10 4.97 billing10k.csv
100 89.6 87.0 70.0 !!. 4.31 4.94 8.38 billing10k.csv
20 95.5 92.0 88.4 !.. 0.05 0.02 0.15 Apache_AllMeasurements.csv
50 98.1 97.2 98.3 !.! 0.07 0.02 0.46 Apache_AllMeasurements.csv
100 99.1 97.9 98.6 !.! 0.12 0.03 0.79 Apache_AllMeasurements.csv
20 94.4 95.2 89.9 !!. 0.79 0.70 0.59 HSMGP_num.csv
50 97.9 98.6 95.6 !!. 0.63 0.94 1.95 HSMGP_num.csv
100 98.0 98.2 97.4 !!. 0.87 0.98 4.10 HSMGP_num.csv
20 72.0 62.4 79.3 !.! 1.07 1.36 0.75 SQL_AllMeasurements.csv
50 75.2 67.1 81.5 !.! 1.22 1.28 2.60 SQL_AllMeasurements.csv
100 77.6 58.9 79.8 !.! 1.56 1.10 3.94 SQL_AllMeasurements.csv
20 92.7 91.4 88.0 !!. 0.15 0.17 0.36 SS-A.csv
50 95.6 93.8 95.8 !.! 0.25 0.13 0.95 SS-A.csv
100 96.1 94.0 96.5 !.! 0.21 0.25 1.80 SS-A.csv
20 94.6 96.0 93.6 !!! 0.03 0.02 0.24 SS-B.csv
50 96.7 97.8 97.8 !!! 0.05 0.03 0.77 SS-B.csv
100 98.7 99.1 98.0 !!! 0.08 0.04 1.57 SS-B.csv
20 90.9 94.1 93.1 !!! 0.18 0.18 0.31 SS-C.csv
50 95.0 93.6 95.1 !.! 0.20 0.15 0.98 SS-C.csv
100 95.8 93.8 94.9 !.. 0.23 0.16 1.69 SS-C.csv
20 78.8 66.4 69.6 !.. 0.03 0.02 0.24 SS-D.csv
50 84.0 68.9 80.0 !.. 0.06 0.03 0.69 SS-D.csv
100 89.5 69.8 89.5 !.! 0.09 0.04 1.08 SS-D.csv
20 74.8 79.0 70.8 !!! 0.10 0.08 0.33 SS-E.csv
50 89.9 63.6 88.7 !.! 0.11 0.08 1.01 SS-E.csv
100 91.5 84.1 96.3 !.! 0.14 0.09 1.67 SS-E.csv
20 82.0 65.4 67.6 !.. 0.03 0.02 0.21 SS-F.csv
50 90.0 65.5 76.4 !.. 0.06 0.03 0.70 SS-F.csv
100 95.5 66.4 95.9 !.! 0.08 0.04 1.31 SS-F.csv
20 80.8 72.2 66.3 !.. 0.05 0.02 0.21 SS-G.csv
50 86.8 68.9 80.7 !.. 0.05 0.03 0.80 SS-G.csv
100 89.8 62.4 93.9 !.! 0.10 0.04 1.25 SS-G.csv
20 82.6 82.0 87.9 !!! 0.05 0.03 0.39 SS-H.csv
50 75.7 87.5 93.0 ..! 0.08 0.04 1.18 SS-H.csv
100 84.7 83.1 97.0 ..! 0.14 0.05 2.04 SS-H.csv
20 73.1 78.3 53.3 !!. 0.16 0.17 0.46 SS-I.csv
50 91.0 94.0 98.3 !!! 0.18 0.17 1.44 SS-I.csv
100 94.6 94.4 98.4 !!! 0.20 0.17 2.58 SS-I.csv
20 91.5 83.9 84.2 !!! 0.47 0.60 0.62 SS-J.csv
50 96.5 94.7 92.7 !!. 0.62 0.60 1.99 SS-J.csv
100 97.8 96.8 97.2 !!! 0.88 0.73 3.38 SS-J.csv
20 91.4 64.2 65.5 !.. 0.45 0.58 0.58 SS-K.csv
50 91.1 84.4 89.0 !!! 0.40 0.50 1.93 SS-K.csv
100 93.7 89.3 92.1 !.. 0.45 0.48 3.01 SS-K.csv
20 80.2 86.5 60.4 !!. 0.21 0.39 1.12 SS-L.csv
50 92.7 95.1 98.1 !!! 0.23 0.32 2.73 SS-L.csv
100 94.4 96.4 98.4 .!! 0.30 0.35 5.26 SS-L.csv
20 92.6 93.8 89.9 !!! 0.15 0.11 0.33 SS-M.csv
50 99.2 99.1 98.0 !!. 0.19 0.12 1.30 SS-M.csv
100 99.4 99.3 99.6 ..! 0.24 0.13 2.16 SS-M.csv
20 66.4 70.5 62.7 .!. 10.98 23.28 2.99 SS-N.csv
50 72.8 64.1 73.6 !!! 11.10 23.69 6.73 SS-N.csv
100 74.2 72.6 74.6 .!! 11.80 24.19 11.53 SS-N.csv
20 73.2 57.3 72.3 !.! 0.16 0.16 0.43 SS-O.csv
50 91.0 93.4 87.5 !!! 0.18 0.15 1.52 SS-O.csv
100 95.0 95.6 96.0 !!! 0.30 0.16 2.64 SS-O.csv
20 80.2 85.2 72.8 !!. 0.17 0.16 0.24 SS-P.csv
50 92.8 96.0 97.9 !!! 0.19 0.10 0.78 SS-P.csv
100 94.3 96.2 98.5 ..! 0.26 0.12 1.38 SS-P.csv
20 86.1 85.3 80.9 !.! 0.44 0.54 0.60 SS-Q.csv
50 97.5 95.7 98.1 !!! 0.45 0.56 1.93 SS-Q.csv
100 98.0 98.0 98.2 !!! 0.61 0.54 3.30 SS-Q.csv
20 72.0 72.4 65.5 !!. 0.51 0.65 0.59 SS-R.csv
50 79.4 76.5 77.0 !!. 0.50 0.57 1.64 SS-R.csv
100 78.8 76.5 76.5 !!. 0.56 0.50 3.27 SS-R.csv
20 90.7 92.5 92.6 !!! 0.53 0.80 0.65 SS-S.csv
50 93.2 91.1 96.1 ..! 0.58 0.60 1.84 SS-S.csv
100 96.5 93.2 95.2 !.. 0.63 0.86 3.85 SS-S.csv
20 90.8 91.3 90.4 !!! 0.79 0.80 0.65 SS-T.csv
50 95.2 95.4 95.4 !!! 0.83 0.99 1.70 SS-T.csv
100 97.3 97.0 96.8 !!! 0.83 0.87 3.04 SS-T.csv
20 69.9 70.8 65.0 !!! 0.77 0.67 0.57 SS-U.csv
50 89.4 88.7 89.0 !!! 0.91 0.70 1.42 SS-U.csv
100 93.6 92.4 96.0 ..! 0.90 0.65 2.24 SS-U.csv
20 79.8 73.7 82.3 !!! 1.08 1.04 0.51 SS-V.csv
50 82.6 83.4 92.0 ..! 1.32 0.91 1.61 SS-V.csv
100 74.5 70.6 92.8 ..! 1.15 1.07 2.54 SS-V.csv
20 68.1 52.9 41.4 !.. 11.28 8.71 2.05 SS-W.csv
50 74.7 66.7 59.5 !.. 11.49 8.40 3.45 SS-W.csv
100 75.6 70.3 71.8 !.! 12.19 8.69 4.33 SS-W.csv
20 81.6 82.5 83.3 !!! 13.90 9.50 2.56 SS-X.csv
50 88.7 88.5 93.1 !!! 13.56 9.44 3.97 SS-X.csv
100 92.2 91.2 95.6 !!! 14.33 10.03 5.27 SS-X.csv
20 95.9 96.4 89.7 !!! 0.19 0.14 0.32 X264_AllMeasurements.csv
50 98.8 98.9 99.6 ..! 0.25 0.15 1.48 X264_AllMeasurements.csv
100 99.0 98.6 99.6 ..! 0.41 0.19 1.93 X264_AllMeasurements.csv
20 97.1 98.5 95.4 !!. 0.59 0.82 0.53 rs-6d-c3_obj1.csv
50 99.2 99.1 99.1 !!. 0.49 0.62 1.83 rs-6d-c3_obj1.csv
100 99.5 99.5 99.8 ..! 0.59 0.86 3.32 rs-6d-c3_obj1.csv
20 99.4 98.5 99.7 .!! 0.69 0.64 0.59 rs-6d-c3_obj2.csv
50 99.7 99.9 100.0 .!! 0.67 0.68 2.17 rs-6d-c3_obj2.csv
100 99.9 99.9 100.0 ..! 0.76 0.81 3.56 rs-6d-c3_obj2.csv
20 94.0 94.7 95.3 !.! 0.38 0.67 1.02 sol-6d-c2-obj1.csv
50 95.4 95.9 96.4 ..! 0.67 0.78 1.68 sol-6d-c2-obj1.csv
100 95.8 96.0 96.2 .!! 0.46 0.54 3.26 sol-6d-c2-obj1.csv
20 90.9 92.5 96.7 ..! 0.05 0.03 0.32 wc+rs-3d-c4-obj1.csv
50 82.1 86.0 98.9 ..! 0.07 0.03 0.94 wc+rs-3d-c4-obj1.csv
100 86.9 84.6 99.7 ..! 0.15 0.06 1.16 wc+rs-3d-c4-obj1.csv
20 92.3 97.7 97.4 .!. 0.03 0.02 0.29 wc+sol-3d-c4-obj1.csv
50 84.0 82.4 99.3 ..! 0.06 0.03 0.68 wc+sol-3d-c4-obj1.csv
100 85.8 84.3 99.8 ..! 0.09 0.03 1.15 wc+sol-3d-c4-obj1.csv
20 87.0 93.8 97.0 !!! 0.04 0.05 0.23 wc+wc-3d-c4-obj1.csv
50 89.3 87.8 99.7 ..! 0.08 0.03 0.80 wc+wc-3d-c4-obj1.csv
100 80.7 83.9 99.7 ..! 0.09 0.03 1.23 wc+wc-3d-c4-obj1.csv
20 89.7 96.5 93.6 .!! 0.36 0.48 0.57 wc-6d-c1-obj1.csv
50 96.6 92.3 99.7 .!! 0.39 0.49 2.07 wc-6d-c1-obj1.csv
100 98.3 99.1 99.7 ..! 0.54 0.76 3.30 wc-6d-c1-obj1.csv
20 47.3 41.4 46.1 !!! 2.30 4.62 1.38 BankChurners.csv
50 53.9 48.1 63.2 ..! 2.43 4.37 4.65 BankChurners.csv
100 64.7 49.6 68.7 !.! 2.35 4.17 7.89 BankChurners.csv
20 54.7 58.4 50.2 !!! 5.43 13.27 3.00 Loan.csv
50 67.6 76.2 63.5 .!. 5.60 14.08 8.47 Loan.csv
100 69.1 72.0 66.7 !!. 6.28 13.90 13.39 Loan.csv
20 96.6 95.4 94.2 !!. 1.21 1.34 0.61 WA_Fn-UseC_-Telco-Customer-Churn.csv
50 99.6 99.6 98.9 !!. 1.19 1.23 1.85 WA_Fn-UseC_-Telco-Customer-Churn.csv
100 99.8 99.7 99.6 !!! 1.46 1.35 3.30 WA_Fn-UseC_-Telco-Customer-Churn.csv
20 26.8 43.3 34.9 .!! 0.71 1.76 3.37 home_data_for_ml_course.csv
50 29.8 45.0 46.0 .!! 0.76 1.62 11.86 home_data_for_ml_course.csv
100 46.6 53.0 60.9 ..! 1.12 1.60 22.24 home_data_for_ml_course.csv
20 52.2 76.7 73.2 .!! 5.84 15.50 3.42 Data_COVID19_Indonesia.csv
50 70.7 88.0 91.0 .!! 6.45 13.48 7.76 Data_COVID19_Indonesia.csv
100 76.9 93.8 97.6 .!! 6.18 14.66 14.14 Data_COVID19_Indonesia.csv
20 88.2 91.6 89.7 !!! 0.60 1.52 1.54 Life_Expectancy_Data.csv
50 94.0 93.7 94.3 .!! 0.64 1.43 4.72 Life_Expectancy_Data.csv
100 96.0 96.2 94.8 !!. 0.75 1.33 9.02 Life_Expectancy_Data.csv
20 100.0 90.0 100.0 !!! 7.85 12.41 2.34 Medical_Data_and_Hospital_Readmissions.csv
50 100.0 100.0 90.0 !!! 8.58 12.22 6.60 Medical_Data_and_Hospital_Readmissions.csv
100 100.0 100.0 100.0 !!! 9.36 12.90 10.54 Medical_Data_and_Hospital_Readmissions.csv
20 95.1 96.3 96.8 .!! 1.19 1.39 0.60 Health-ClosedIssues0000.csv
50 96.1 98.6 98.1 .!! 1.27 1.48 1.60 Health-ClosedIssues0000.csv
100 96.7 98.8 97.8 .!! 1.34 1.46 2.79 Health-ClosedIssues0000.csv
20 55.2 51.7 54.0 !.. 1.18 1.39 0.63 Health-ClosedIssues0001.csv
50 56.0 52.8 54.4 !.. 1.53 1.35 1.57 Health-ClosedIssues0001.csv
100 57.5 53.7 53.3 !.. 1.42 1.42 2.95 Health-ClosedIssues0001.csv
20 91.6 93.2 93.5 !!! 1.45 1.45 0.55 Health-ClosedIssues0002.csv
50 93.2 93.2 93.5 !!! 1.22 1.42 1.67 Health-ClosedIssues0002.csv
100 93.2 93.2 93.2 !!! 1.36 1.31 2.53 Health-ClosedIssues0002.csv
20 68.2 82.3 61.3 .!. 1.31 1.42 0.70 Health-ClosedIssues0003.csv
50 84.4 85.0 79.5 !!. 1.29 1.37 1.55 Health-ClosedIssues0003.csv
100 90.6 86.3 81.9 !!. 1.47 1.46 2.65 Health-ClosedIssues0003.csv
20 30.9 26.8 24.7 !.. 1.18 1.41 0.73 Health-ClosedIssues0004.csv
50 29.7 28.7 27.6 !!! 1.27 1.37 1.54 Health-ClosedIssues0004.csv
100 32.4 24.2 27.8 !.. 1.45 1.44 2.71 Health-ClosedIssues0004.csv
20 69.5 66.3 66.1 !!! 1.38 1.39 0.62 Health-ClosedIssues0005.csv
50 68.0 66.6 68.0 !!! 1.35 1.45 1.74 Health-ClosedIssues0005.csv
100 67.8 66.4 67.6 !.! 1.37 1.66 2.86 Health-ClosedIssues0005.csv
20 82.8 85.4 69.2 !!. 1.28 1.56 0.64 Health-ClosedIssues0006.csv
50 89.0 88.4 83.9 !!. 1.47 1.55 1.62 Health-ClosedIssues0006.csv
100 87.0 89.3 87.0 !!! 1.49 1.39 2.60 Health-ClosedIssues0006.csv
20 28.2 29.6 21.0 !!. 1.34 1.41 0.75 Health-ClosedIssues0007.csv
50 40.2 41.4 34.7 .!. 1.51 1.51 1.50 Health-ClosedIssues0007.csv
100 43.3 40.8 42.5 !!! 1.36 1.44 2.72 Health-ClosedIssues0007.csv
20 75.0 68.7 67.3 !!. 1.33 1.40 0.63 Health-ClosedIssues0008.csv
50 81.0 79.8 81.3 !.! 1.43 1.51 1.68 Health-ClosedIssues0008.csv
100 82.4 82.5 81.5 !!! 1.37 1.35 2.72 Health-ClosedIssues0008.csv
20 26.7 29.7 27.4 !!! 1.20 1.34 0.69 Health-ClosedIssues0009.csv
50 38.6 31.6 27.3 !!. 1.31 1.28 1.68 Health-ClosedIssues0009.csv
100 45.4 33.2 50.7 !.! 1.36 1.61 2.80 Health-ClosedIssues0009.csv
20 61.9 58.7 58.1 !.! 1.22 1.32 0.60 Health-ClosedIssues0010.csv
50 62.1 61.2 57.2 !!. 1.20 1.25 1.70 Health-ClosedIssues0010.csv
100 63.2 57.5 58.7 !.. 1.61 1.52 2.57 Health-ClosedIssues0010.csv
20 93.6 100.0 95.4 !!! 1.37 1.30 0.54 Health-ClosedIssues0011.csv
50 100.0 100.0 100.0 !!! 1.24 1.46 1.74 Health-ClosedIssues0011.csv
100 100.0 100.0 100.0 !!! 1.48 1.36 2.71 Health-ClosedIssues0011.csv
20 100.0 100.0 100.0 !!! 1.18 1.29 0.62 Health-ClosedPRs0000.csv
50 100.0 100.0 100.0 !!! 1.28 1.29 1.51 Health-ClosedPRs0000.csv
100 100.0 100.0 100.0 !!! 1.21 1.28 2.55 Health-ClosedPRs0000.csv
20 80.7 80.7 75.7 !!! 1.19 1.45 0.58 Health-ClosedPRs0002.csv
50 80.7 80.7 81.7 !!! 1.36 1.34 1.65 Health-ClosedPRs0002.csv
100 80.7 80.7 80.7 !!! 1.42 1.39 2.61 Health-ClosedPRs0002.csv
20 92.4 90.7 97.9 !!! 1.27 1.39 0.63 Health-ClosedPRs0003.csv
50 97.9 97.9 97.9 !!! 1.34 1.32 1.61 Health-ClosedPRs0003.csv
100 97.9 97.9 97.9 !!! 1.30 1.27 2.70 Health-ClosedPRs0003.csv
20 50.6 60.0 69.2 .!! 1.25 1.36 0.75 Health-ClosedPRs0004.csv
50 69.2 72.3 84.6 ..! 1.34 1.39 1.60 Health-ClosedPRs0004.csv
100 78.4 69.2 84.6 !.! 1.31 1.31 2.71 Health-ClosedPRs0004.csv
20 100.0 92.9 94.9 !!! 1.16 1.30 0.56 Health-ClosedPRs0005.csv
50 100.0 100.0 100.0 !!! 1.38 1.49 1.73 Health-ClosedPRs0005.csv
100 100.0 100.0 100.0 !!! 1.39 1.33 2.97 Health-ClosedPRs0005.csv
20 13.1 21.0 41.6 ..! 1.25 1.38 0.62 Health-ClosedPRs0006.csv
50 22.8 27.1 63.5 ..! 1.75 1.55 1.67 Health-ClosedPRs0006.csv
100 37.3 48.9 84.6 ..! 1.61 1.41 2.97 Health-ClosedPRs0006.csv
20 62.7 76.5 85.8 !!! 1.30 1.48 0.74 Health-ClosedPRs0007.csv
50 95.3 85.9 87.7 !!! 1.28 1.54 1.55 Health-ClosedPRs0007.csv
100 100.0 95.3 95.3 !!! 1.34 1.67 2.72 Health-ClosedPRs0007.csv
20 6.4 5.6 6.0 !!! 1.51 1.37 0.56 Health-ClosedPRs0008.csv
50 7.8 9.1 7.0 .!. 1.30 1.47 1.77 Health-ClosedPRs0008.csv
100 4.8 7.7 11.3 !.! 1.46 1.44 2.61 Health-ClosedPRs0008.csv
20 50.6 49.1 49.2 !.! 1.29 1.39 0.61 Health-ClosedPRs0009.csv
50 53.9 50.0 56.4 !!! 1.43 1.34 1.60 Health-ClosedPRs0009.csv
100 58.3 52.8 52.2 !.. 1.40 1.43 2.66 Health-ClosedPRs0009.csv
20 25.1 25.8 32.4 ..! 1.31 1.34 0.64 Health-ClosedPRs0010.csv
50 30.3 27.1 38.5 ..! 1.39 1.36 1.58 Health-ClosedPRs0010.csv
100 34.5 27.5 40.7 !.! 1.39 1.29 2.45 Health-ClosedPRs0010.csv
20 92.6 100.0 92.5 !!! 1.33 1.31 0.63 Health-ClosedPRs0011.csv
50 100.0 100.0 100.0 !!! 1.28 1.42 1.55 Health-ClosedPRs0011.csv
100 100.0 100.0 100.0 !!! 1.37 1.46 2.59 Health-ClosedPRs0011.csv
20 95.9 96.4 96.0 !!! 1.38 1.30 0.70 Health-Commits0000.csv
50 96.7 97.2 96.9 !!! 1.29 1.28 1.39 Health-Commits0000.csv
100 95.9 97.4 97.2 .!! 1.44 1.38 2.64 Health-Commits0000.csv
20 91.4 98.5 98.5 !!! 1.29 1.43 0.58 Health-Commits0001.csv
50 98.6 98.5 98.5 !!! 1.36 1.31 1.55 Health-Commits0001.csv
100 98.5 98.5 98.5 !!! 1.33 1.43 2.74 Health-Commits0001.csv
20 20.4 19.6 21.8 !!! 1.30 1.25 0.55 Health-Commits0002.csv
50 21.2 21.2 28.6 !!! 1.21 1.49 1.51 Health-Commits0002.csv
100 24.4 21.2 27.4 !!! 1.45 1.41 2.84 Health-Commits0002.csv
20 65.5 66.8 60.1 !!. 1.19 1.28 0.54 Health-Commits0003.csv
50 67.5 64.5 65.1 !.! 1.27 1.41 1.74 Health-Commits0003.csv
100 72.0 68.9 75.8 !.! 1.30 1.41 2.83 Health-Commits0003.csv
20 39.1 38.1 37.4 !!. 1.31 1.41 0.67 Health-Commits0004.csv
50 40.0 39.3 40.0 !!! 1.31 1.56 1.81 Health-Commits0004.csv
100 42.9 42.0 45.0 !.! 1.42 1.32 2.62 Health-Commits0004.csv
20 19.9 24.3 34.5 ..! 1.41 1.41 0.58 Health-Commits0005.csv
50 32.4 30.3 44.9 ..! 1.27 1.28 1.64 Health-Commits0005.csv
100 52.8 43.3 51.4 !.! 1.33 1.25 2.48 Health-Commits0005.csv
20 69.4 68.3 68.1 !.. 1.59 1.35 0.58 Health-Commits0006.csv
50 68.8 70.9 72.6 .!! 1.31 1.34 1.59 Health-Commits0006.csv
100 70.4 69.8 71.8 !.! 1.30 1.27 2.61 Health-Commits0006.csv
20 51.9 49.0 61.0 ..! 1.28 1.42 0.56 Health-Commits0007.csv
50 36.8 51.2 59.7 .!! 1.32 1.47 1.58 Health-Commits0007.csv
100 45.6 62.6 65.9 .!! 1.42 1.31 2.63 Health-Commits0007.csv
20 36.5 50.9 45.7 .!. 1.20 1.31 0.60 Health-Commits0008.csv
50 61.2 51.6 49.2 !.. 1.30 1.36 1.42 Health-Commits0008.csv
100 64.7 52.7 53.9 !.. 1.38 1.28 2.65 Health-Commits0008.csv
20 91.3 88.5 84.4 !.. 1.14 1.38 0.58 Health-Commits0009.csv
50 91.4 90.1 89.7 !!! 1.31 1.40 1.41 Health-Commits0009.csv
100 93.3 90.6 90.4 !.. 1.34 1.44 2.68 Health-Commits0009.csv
20 74.2 72.0 67.1 !!. 1.19 1.30 0.65 Health-Commits0010.csv
50 78.1 75.2 75.9 !!! 1.33 1.32 1.56 Health-Commits0010.csv
100 80.8 79.9 87.2 ..! 1.42 1.33 2.65 Health-Commits0010.csv
20 71.0 93.6 88.6 !!! 1.17 1.38 0.62 Health-Commits0011.csv
50 100.0 100.0 88.7 !!! 1.21 1.41 1.50 Health-Commits0011.csv
100 100.0 100.0 100.0 !!! 1.42 1.38 2.81 Health-Commits0011.csv
20 45.6 56.3 51.4 .!! 0.14 0.17 2.24 Car_price_cleaned.csv
50 67.5 65.8 68.2 !!! 0.19 0.21 7.21 Car_price_cleaned.csv
100 71.3 67.6 60.5 !!! 0.34 0.27 12.15 Car_price_cleaned.csv
20 55.7 54.9 51.3 !!! 0.26 0.40 0.88 Wine_quality.csv
50 50.1 59.9 59.2 .!! 0.33 0.39 2.84 Wine_quality.csv
100 68.4 52.6 51.8 !.. 0.38 0.42 4.67 Wine_quality.csv
20 80.9 78.7 84.8 !.! 0.09 0.06 0.39 auto93.csv
50 86.2 80.1 88.2 !.! 0.10 0.09 1.10 auto93.csv
100 86.9 74.0 87.8 !.! 0.12 0.06 1.99 auto93.csv
20 100.0 100.0 100.0 !!! 0.17 0.46 3.53 multiLabel.csv
50 100.0 100.0 100.0 !!! 0.24 0.45 10.65 multiLabel.csv
100 100.0 100.0 100.0 !!! 0.40 0.52 20.06 multiLabel.csv
20 42.0 47.6 43.1 !!! 0.21 0.42 1.45 coc1000.csv
50 36.7 46.0 50.0 ..! 0.28 0.50 4.87 coc1000.csv
100 49.8 63.5 49.4 .!. 0.43 0.47 8.90 coc1000.csv
20 58.0 51.5 42.8 !.. 0.05 0.02 0.15 nasa93dem.csv
50 75.1 67.1 71.1 !.! 0.09 0.03 0.43 nasa93dem.csv
100 79.9 70.6 69.2 !.. 0.08 0.03 0.44 nasa93dem.csv
20 61.8 67.8 50.3 !!. 2.85 4.69 1.11 pom3a.csv
50 71.1 79.8 56.9 .!. 2.98 4.74 2.89 pom3a.csv
100 85.0 80.2 57.9 !!. 3.08 5.00 4.98 pom3a.csv
20 68.5 69.2 52.8 !!. 2.83 4.83 1.29 pom3b.csv
50 67.6 78.2 69.3 .!! 3.08 4.88 3.12 pom3b.csv
100 78.3 76.1 76.3 !!! 3.00 4.65 5.02 pom3b.csv
20 50.5 53.1 52.7 !!! 2.72 4.82 1.19 pom3c.csv
50 65.6 70.8 63.9 !!. 2.94 5.05 2.79 pom3c.csv
100 78.0 73.0 66.8 !.. 2.98 4.72 5.17 pom3c.csv
20 54.6 73.0 70.9 .!! 0.10 0.12 0.79 pom3d.csv
50 68.9 71.8 61.4 !!. 0.21 0.12 2.37 pom3d.csv
100 69.2 76.2 74.1 !!! 0.20 0.14 4.27 pom3d.csv
20 80.8 97.7 90.3 .!. 2.31 5.70 2.10 xomo_flight.csv
50 93.8 97.5 95.9 .!. 2.45 5.90 6.10 xomo_flight.csv
100 94.7 98.2 95.2 .!. 2.74 5.86 10.79 xomo_flight.csv
20 70.6 89.8 73.1 .!. 2.27 5.74 2.20 xomo_ground.csv
50 86.0 95.2 81.9 .!. 2.57 5.62 6.81 xomo_ground.csv
100 91.7 95.4 91.0 .!. 2.70 5.61 10.96 xomo_ground.csv
20 77.3 85.6 73.6 .!. 2.72 5.89 2.02 xomo_osp.csv
50 84.9 93.9 86.9 .!. 2.48 5.72 6.50 xomo_osp.csv
100 87.3 95.5 90.2 .!. 2.58 5.44 11.14 xomo_osp.csv
20 59.5 72.8 39.2 .!. 2.60 5.60 2.07 xomo_osp2.csv
50 79.3 83.9 66.4 .!. 2.58 5.83 6.33 xomo_osp2.csv
100 82.3 93.1 76.5 .!. 2.46 5.34 10.79 xomo_osp2.csv
20 47.6 42.9 59.4 ..! 0.06 0.07 0.63 A2C_Acrobot.csv
50 42.7 57.9 54.4 .!! 0.11 0.07 2.36 A2C_Acrobot.csv
100 41.3 45.8 62.2 ..! 0.17 0.10 3.75 A2C_Acrobot.csv
20 43.9 44.3 36.1 !!! 0.08 0.07 0.57 A2C_CartPole.csv
50 46.6 41.5 46.6 !.! 0.12 0.08 1.85 A2C_CartPole.csv
100 50.0 52.1 44.6 !!. 0.17 0.09 3.41 A2C_CartPole.csv
20 51.3 51.7 50.4 !!! 0.58 1.56 2.34 Marketing_Analytics.csv
50 60.0 55.6 52.7 !!. 0.75 1.57 7.57 Marketing_Analytics.csv
100 70.6 65.2 60.1 !.. 0.82 1.51 13.26 Marketing_Analytics.csv
20 11.5 9.5 15.3 !!! 0.19 0.18 0.41 accessories.csv
50 17.2 15.2 11.2 !!. 0.23 0.16 1.54 accessories.csv
100 17.6 25.9 23.4 !!. 0.32 0.18 4.05 accessories.csv
20 -8.5 -8.0 4.1 ..! 0.17 0.13 0.39 dress-up.csv
50 4.0 8.3 6.8 !!! 0.23 0.14 1.65 dress-up.csv
100 3.1 9.7 27.4 ..! 0.39 0.15 4.87 dress-up.csv
20 79.7 87.5 92.1 ..! 0.09 0.15 1.53 socks.csv
50 89.1 95.4 94.4 .!! 0.13 0.18 4.97 socks.csv
100 87.5 96.0 93.2 .!. 0.19 0.19 8.52 socks.csv
20 62.6 64.1 67.5 !!! 0.10 0.07 0.62 wallpaper.csv
50 85.1 80.8 79.2 !!! 0.13 0.06 2.24 wallpaper.csv
100 96.2 92.6 90.9 !.! 0.23 0.08 4.74 wallpaper.csv
20 92.0 91.8 94.2 ..! 11.31 11.93 1.99 7z.csv
50 95.1 95.2 94.7 !!! 11.69 12.26 3.71 7z.csv
100 95.8 94.9 97.0 ..! 11.16 11.77 5.04 7z.csv
20 98.7 98.7 99.0 !!! 0.37 0.29 0.40 BDBC.csv
50 99.5 99.5 98.8 !!. 0.40 0.30 1.10 BDBC.csv
100 99.6 99.5 99.6 !.! 0.47 0.31 1.92 BDBC.csv
20 93.7 95.5 97.6 !!! 0.14 0.10 0.35 HSQLDB.csv
50 98.9 98.9 99.0 !!! 0.19 0.13 1.14 HSQLDB.csv
100 99.3 99.3 99.5 !!! 0.30 0.15 2.05 HSQLDB.csv
20 96.1 95.5 75.9 !!. 0.14 0.08 0.24 LLVM.csv
50 98.1 97.3 97.8 !!! 0.18 0.09 0.78 LLVM.csv
100 98.8 98.0 98.8 !.! 0.22 0.10 1.52 LLVM.csv
20 92.2 92.2 90.1 !!. 2.49 2.71 0.79 PostgreSQL.csv
50 94.1 92.5 94.0 !.! 2.53 2.77 1.81 PostgreSQL.csv
100 92.4 90.6 92.2 !.! 2.60 2.77 2.74 PostgreSQL.csv
20 86.4 87.2 92.6 ..! 1.08 0.87 0.46 dconvert.csv
50 94.8 94.3 94.9 !!! 1.01 0.83 1.46 dconvert.csv
100 96.2 96.7 97.7 ..! 1.15 0.88 2.08 dconvert.csv
20 91.7 89.9 82.0 !!. 0.56 0.37 0.29 deeparch.csv
50 97.3 96.0 98.4 ..! 0.56 0.43 0.98 deeparch.csv
100 97.9 98.4 99.9 !.! 0.57 0.40 1.49 deeparch.csv
20 85.8 77.1 77.6 !.. 13.60 14.36 2.62 exastencils.csv
50 92.9 74.5 85.7 !.. 12.42 13.63 3.99 exastencils.csv
100 94.5 73.9 87.6 !.. 12.91 14.05 6.01 exastencils.csv
20 92.7 91.3 90.5 !!! 42.44 102.99 7.80 javagc.csv
50 92.1 89.4 93.2 .!! 42.59 102.87 14.41 javagc.csv
100 93.7 94.0 95.1 .!! 43.54 101.56 19.89 javagc.csv
20 67.2 46.2 69.0 !.! 0.63 0.96 0.71 redis.csv
50 72.7 63.0 75.9 !.! 0.69 0.96 2.36 redis.csv
100 69.6 74.1 73.8 !!! 0.79 0.98 4.08 redis.csv
20 99.8 99.8 99.9 !!! 0.25 0.38 0.80 storm.csv
50 100.0 99.9 99.9 !!! 0.28 0.42 2.83 storm.csv
100 100.0 100.0 100.0 !!! 0.34 0.40 4.57 storm.csv
20 77.9 76.0 70.7 !!. 9.43 18.16 2.50 x264.csv
50 78.8 88.5 84.7 .!. 9.88 18.14 5.62 x264.csv
100 79.7 90.4 92.1 .!! 10.26 19.68 9.08 x264.csv
20 88.1 86.5 67.9 !!. 0.77 1.09 0.84 dataset120.csv
50 98.3 88.2 94.9 !!! 0.73 1.18 2.41 dataset120.csv
100 100.0 91.6 89.8 !!. 0.82 1.17 4.29 dataset120.csv
20 92.1 88.2 96.1 !.! 0.70 1.13 0.88 dataset600.csv
50 96.1 85.2 84.2 !!! 0.79 1.23 2.45 dataset600.csv
100 100.0 94.1 89.2 !!! 0.80 1.15 4.26 dataset600.csv
